=== HMM Model Statistics ===
Saved at: 2025-05-11 17:21:20

=== Model Configuration ===
Number of states: 7
Features used: vol_regime, fisher_rsi, trend_strength, volume_zscore
Training periods: 18384
OOS periods: 7880

=== State Distributions ===
  State  Train Count   Train %  OOS Count     OOS %
0     0         8987  0.488849       3522  0.446954
1     1         1933  0.105146        764  0.096954
2     2         2100  0.114230       1202  0.152538
3     3            0  0.000000          1  0.000127
4     4          385  0.020942        175  0.022208
5     5            0  0.000000          0  0.000000
6     6         4979  0.270833       2216  0.281218

=== Transition Matrix ===
        To 0  To 1  To 2  To 3  To 4  To 5  To 6
From 0 0.970 0.000 0.004 0.000 0.005 0.000 0.020
From 1 0.000 0.915 0.022 0.000 0.024 0.000 0.039
From 2 0.048 0.002 0.929 0.000 0.020 0.000 0.000
From 3 0.000 1.000 0.000 0.000 0.000 0.000 0.000
From 4 0.001 0.307 0.173 0.000 0.480 0.000 0.039
From 5 0.000 0.000 1.000 0.000 0.000 0.000 0.000
From 6 0.032 0.007 0.000 0.000 0.015 0.000 0.947

=== State Characteristics ===

State 0 (0):
Mean: [-0.56244083 -0.11066087 -0.69069158 -0.08184945]
Covariance:
 [[1.12289475e-06 0.00000000e+00 0.00000000e+00 0.00000000e+00]
 [0.00000000e+00 2.94988132e-01 0.00000000e+00 0.00000000e+00]
 [0.00000000e+00 0.00000000e+00 1.78285181e-01 0.00000000e+00]
 [0.00000000e+00 0.00000000e+00 0.00000000e+00 8.93489011e-01]]

State 1 (1):
Mean: [ 1.77796482  0.2153234   1.40394249 -0.15970451]
Covariance:
 [[5.18974306e-06 0.00000000e+00 0.00000000e+00 0.00000000e+00]
 [0.00000000e+00 2.44066457e+00 0.00000000e+00 0.00000000e+00]
 [0.00000000e+00 0.00000000e+00 6.70888347e-01 0.00000000e+00]
 [0.00000000e+00 0.00000000e+00 0.00000000e+00 3.60011498e-01]]

State 2 (2):
Mean: [ 1.77796482 -0.11582062 -0.3402983  -0.29588104]
Covariance:
 [[4.79226121e-06 0.00000000e+00 0.00000000e+00 0.00000000e+00]
 [0.00000000e+00 3.42196692e-01 0.00000000e+00 0.00000000e+00]
 [0.00000000e+00 0.00000000e+00 2.28054240e-01 0.00000000e+00]
 [0.00000000e+00 0.00000000e+00 0.00000000e+00 4.58752810e-01]]

State 3 (3):
Mean: [-0.45459417 -1.01818145  0.31880271 -0.34220019]
Covariance:
 [[1000.    0.    0.    0.]
 [   0. 1000.    0.    0.]
 [   0.    0. 1000.    0.]
 [   0.    0.    0. 1000.]]

State 4 (4):
Mean: [1.77796482 0.33349429 0.43973551 2.15616489]
Covariance:
 [[2.47264805e-05 0.00000000e+00 0.00000000e+00 0.00000000e+00]
 [0.00000000e+00 3.82629662e+00 0.00000000e+00 0.00000000e+00]
 [0.00000000e+00 0.00000000e+00 8.75420715e-01 0.00000000e+00]
 [0.00000000e+00 0.00000000e+00 0.00000000e+00 1.00979342e+00]]

State 5 (5):
Mean: [ 0.4417668  -0.37061387 -0.24127933  1.01871328]
Covariance:
 [[1000.    0.    0.    0.]
 [   0. 1000.    0.    0.]
 [   0.    0. 1000.    0.]
 [   0.    0.    0. 1000.]]

State 6 (6):
Mean: [-0.56244083  0.13386246  0.78610178  0.15454244]
Covariance:
 [[1.97611045e-06 0.00000000e+00 0.00000000e+00 0.00000000e+00]
 [0.00000000e+00 1.66597988e+00 0.00000000e+00 0.00000000e+00]
 [0.00000000e+00 0.00000000e+00 6.28458439e-01 0.00000000e+00]
 [0.00000000e+00 0.00000000e+00 0.00000000e+00 1.20051374e+00]]

=== Performance Metrics ===
Metric                    Training        OOS            
Accuracy                  94.59%      93.92%
Log-Likelihood            38733.47      15605.69
BIC                       -76445.74      -30278.29

=== Feature Importance ===
vol_regime: 0.4067
fisher_rsi: 0.1271
trend_strength: 0.2334
volume_zscore: 0.2328
