=== HMM Model Statistics ===
Saved at: 2025-05-11 01:01:15

=== Model Configuration ===
Number of states: 26
Features used: volatility, fisher_rsi, adx, volume_zscore
Training periods: 18384
OOS periods: 7880

=== State Distributions ===
   State  Train Count   Train %  OOS Count     OOS %
0      0          677  0.036826        273  0.034645
1      1          944  0.051349        256  0.032487
2      2          766  0.041667        382  0.048477
3      3          817  0.044441        495  0.062817
4      4         1652  0.089861        329  0.041751
5      5          416  0.022628        135  0.017132
6      6          971  0.052818        335  0.042513
7      7          560  0.030461        333  0.042259
8      8          778  0.042319        374  0.047462
9      9          513  0.027905        270  0.034264
10    10          696  0.037859        327  0.041497
11    11          461  0.025076        190  0.024112
12    12          912  0.049608        387  0.049112
13    13          552  0.030026        328  0.041624
14    14          807  0.043897        362  0.045939
15    15          752  0.040905        443  0.056218
16    16          744  0.040470        368  0.046701
17    17          520  0.028285        178  0.022589
18    18          545  0.029645        114  0.014467
19    19          839  0.045638        476  0.060406
20    20          615  0.033453        326  0.041371
21    21          703  0.038240        240  0.030457
22    22          488  0.026545        234  0.029695
23    23          880  0.047868        390  0.049492
24    24          374  0.020344        154  0.019543
25    25          402  0.021867        181  0.022970

=== Transition Matrix ===
         To 0  To 1  To 2  To 3  To 4  To 5  To 6  To 7  To 8  To 9  To 10  To 11  To 12  To 13  To 14  To 15  To 16  To 17  To 18  To 19  To 20  To 21  To 22  To 23  To 24  To 25
From 0  0.876 0.000 0.020 0.000 0.000 0.000 0.000 0.000 0.000 0.000  0.000  0.006  0.000  0.014  0.000  0.000  0.000  0.002  0.000  0.000  0.000  0.058  0.000  0.000  0.000  0.023
From 1  0.000 0.898 0.000 0.000 0.044 0.000 0.000 0.000 0.031 0.000  0.000  0.000  0.005  0.000  0.000  0.000  0.000  0.002  0.000  0.000  0.015  0.000  0.000  0.005  0.000  0.000
From 2  0.000 0.000 0.729 0.000 0.000 0.000 0.000 0.019 0.000 0.013  0.000  0.136  0.000  0.000  0.000  0.000  0.043  0.007  0.049  0.004  0.000  0.001  0.000  0.000  0.000  0.000
From 3  0.000 0.003 0.000 0.895 0.000 0.000 0.000 0.005 0.007 0.009  0.000  0.000  0.003  0.000  0.000  0.046  0.000  0.000  0.000  0.009  0.020  0.000  0.000  0.004  0.000  0.000
From 4  0.000 0.000 0.000 0.000 0.951 0.000 0.001 0.000 0.023 0.000  0.000  0.000  0.000  0.000  0.000  0.000  0.000  0.000  0.000  0.000  0.025  0.000  0.000  0.000  0.000  0.000
From 5  0.043 0.000 0.000 0.000 0.000 0.946 0.000 0.000 0.000 0.000  0.000  0.000  0.000  0.000  0.000  0.000  0.000  0.011  0.000  0.000  0.000  0.000  0.000  0.000  0.000  0.000
From 6  0.000 0.000 0.027 0.000 0.015 0.000 0.812 0.000 0.027 0.000  0.000  0.000  0.000  0.000  0.108  0.000  0.000  0.000  0.009  0.002  0.000  0.000  0.000  0.000  0.000  0.000
From 7  0.000 0.000 0.000 0.000 0.000 0.000 0.009 0.000 0.000 0.003  0.000  0.000  0.000  0.956  0.000  0.000  0.000  0.012  0.000  0.006  0.007  0.000  0.000  0.006  0.000  0.000
From 8  0.000 0.006 0.000 0.009 0.004 0.000 0.000 0.000 0.728 0.066  0.068  0.000  0.028  0.000  0.043  0.017  0.000  0.002  0.000  0.006  0.020  0.000  0.000  0.002  0.000  0.000
From 9  0.011 0.000 0.000 0.000 0.000 0.000 0.000 0.016 0.000 0.718  0.031  0.000  0.000  0.000  0.000  0.000  0.000  0.004  0.000  0.065  0.000  0.060  0.000  0.000  0.000  0.095
From 10 0.000 0.000 0.000 0.000 0.000 0.000 0.090 0.000 0.001 0.055  0.822  0.000  0.000  0.000  0.018  0.000  0.000  0.000  0.004  0.000  0.000  0.009  0.000  0.000  0.000  0.000
From 11 0.000 0.000 0.000 0.000 0.000 0.000 0.000 0.000 0.000 0.015  0.000  0.352  0.000  0.000  0.000  0.000  0.018  0.000  0.000  0.000  0.000  0.031  0.000  0.000  0.584  0.000
From 12 0.000 0.050 0.000 0.000 0.009 0.000 0.000 0.000 0.038 0.000  0.000  0.000  0.817  0.000  0.012  0.000  0.000  0.000  0.000  0.000  0.028  0.000  0.000  0.046  0.000  0.000
From 13 0.000 0.000 0.009 0.064 0.000 0.000 0.000 0.913 0.000 0.008  0.000  0.000  0.000  0.000  0.000  0.000  0.000  0.000  0.000  0.006  0.000  0.000  0.000  0.000  0.000  0.000
From 14 0.000 0.000 0.000 0.000 0.018 0.000 0.002 0.000 0.049 0.000  0.004  0.000  0.140  0.000  0.772  0.000  0.000  0.000  0.000  0.000  0.016  0.000  0.000  0.000  0.000  0.000
From 15 0.000 0.001 0.000 0.013 0.000 0.000 0.000 0.000 0.019 0.004  0.000  0.000  0.004  0.000  0.005  0.873  0.000  0.000  0.000  0.007  0.020  0.000  0.000  0.054  0.000  0.000
From 16 0.013 0.000 0.003 0.000 0.000 0.000 0.000 0.000 0.000 0.000  0.000  0.037  0.000  0.000  0.000  0.000  0.933  0.011  0.000  0.000  0.000  0.000  0.000  0.000  0.000  0.003
From 17 0.013 0.000 0.000 0.000 0.000 0.000 0.000 0.000 0.000 0.000  0.000  0.000  0.000  0.009  0.000  0.000  0.011  0.912  0.000  0.000  0.000  0.000  0.056  0.000  0.000  0.000
From 18 0.000 0.000 0.041 0.000 0.000 0.000 0.092 0.000 0.000 0.000  0.048  0.000  0.000  0.000  0.000  0.000  0.000  0.000  0.819  0.000  0.000  0.000  0.000  0.000  0.000  0.000
From 19 0.000 0.000 0.018 0.035 0.000 0.000 0.013 0.000 0.004 0.017  0.005  0.000  0.000  0.000  0.015  0.037  0.000  0.000  0.000  0.852  0.000  0.003  0.000  0.000  0.000  0.000
From 20 0.000 0.002 0.092 0.006 0.000 0.000 0.082 0.008 0.000 0.000  0.002  0.000  0.023  0.000  0.007  0.023  0.000  0.000  0.000  0.020  0.736  0.000  0.000  0.000  0.000  0.000
From 21 0.000 0.000 0.011 0.000 0.000 0.000 0.000 0.000 0.000 0.022  0.031  0.000  0.000  0.000  0.000  0.000  0.000  0.000  0.032  0.044  0.000  0.859  0.000  0.000  0.000  0.000
From 22 0.000 0.000 0.000 0.000 0.000 0.000 0.000 0.042 0.000 0.000  0.000  0.000  0.000  0.000  0.000  0.000  0.000  0.017  0.000  0.002  0.000  0.000  0.939  0.000  0.000  0.000
From 23 0.000 0.048 0.000 0.000 0.000 0.000 0.000 0.000 0.027 0.000  0.000  0.000  0.008  0.000  0.000  0.000  0.000  0.000  0.000  0.000  0.026  0.000  0.000  0.892  0.000  0.000
From 24 0.000 0.000 0.179 0.000 0.000 0.000 0.000 0.014 0.000 0.000  0.000  0.701  0.000  0.000  0.000  0.000  0.000  0.001  0.060  0.045  0.000  0.000  0.000  0.000  0.000  0.000
From 25 0.104 0.000 0.000 0.000 0.000 0.056 0.000 0.000 0.000 0.000  0.000  0.000  0.000  0.000  0.000  0.000  0.000  0.015  0.000  0.000  0.000  0.000  0.000  0.000  0.000  0.825

=== State Characteristics ===

State 0 (0):
Mean: [ 0.57540415  0.84033018  1.31596312 -0.42196331]
Covariance:
 [[0.48270515 0.         0.         0.        ]
 [0.         0.28272813 0.         0.        ]
 [0.         0.         0.1228391  0.        ]
 [0.         0.         0.         0.20524034]]

State 1 (1):
Mean: [-0.74480879 -0.07376186 -1.14520033 -0.29956538]
Covariance:
 [[0.01368311 0.         0.         0.        ]
 [0.         0.14628274 0.         0.        ]
 [0.         0.         0.02956152 0.        ]
 [0.         0.         0.         0.5065008 ]]

State 2 (2):
Mean: [ 0.06289881 -1.30466051  0.58603172  0.97033666]
Covariance:
 [[0.39840476 0.         0.         0.        ]
 [0.         0.21318153 0.         0.        ]
 [0.         0.         0.14262447 0.        ]
 [0.         0.         0.         1.15921328]]

State 3 (3):
Mean: [ 0.4438421   0.03760546 -0.70510369 -0.10634393]
Covariance:
 [[0.02418776 0.         0.         0.        ]
 [0.         0.27461819 0.         0.        ]
 [0.         0.         0.11486264 0.        ]
 [0.         0.         0.         0.79312408]]

State 4 (4):
Mean: [-1.1396498  -0.14712417 -0.97197356 -0.04373354]
Covariance:
 [[0.01943433 0.         0.         0.        ]
 [0.         0.2077899  0.         0.        ]
 [0.         0.         0.10169258 0.        ]
 [0.         0.         0.         0.90670726]]

State 5 (5):
Mean: [0.3953284  2.0168531  2.72317913 0.02434171]
Covariance:
 [[0.32596784 0.         0.         0.        ]
 [0.         1.15202651 0.         0.        ]
 [0.         0.         0.23702488 0.        ]
 [0.         0.         0.         0.77848165]]

State 6 (6):
Mean: [-0.61684384 -0.48194411 -0.09405924 -0.12173603]
Covariance:
 [[0.08823468 0.         0.         0.        ]
 [0.         0.17228086 0.         0.        ]
 [0.         0.         0.0177214  0.        ]
 [0.         0.         0.         0.58723104]]

State 7 (7):
Mean: [ 1.19098856 -0.11768573 -0.28264967 -0.26055507]
Covariance:
 [[0.14462509 0.         0.         0.        ]
 [0.         0.32129383 0.         0.        ]
 [0.         0.         0.23911898 0.        ]
 [0.         0.         0.         0.58997021]]

State 8 (8):
Mean: [-0.45696831  1.06251124 -0.5325526   1.426727  ]
Covariance:
 [[0.14410127 0.         0.         0.        ]
 [0.         0.48318884 0.         0.        ]
 [0.         0.         0.08640258 0.        ]
 [0.         0.         0.         1.58622041]]

State 9 (9):
Mean: [0.17625408 1.68203156 0.26783245 1.3410101 ]
Covariance:
 [[0.39860493 0.         0.         0.        ]
 [0.         1.00893309 0.         0.        ]
 [0.         0.         0.1006105  0.        ]
 [0.         0.         0.         1.50327335]]

State 10 (10):
Mean: [-0.57225828  0.58555614  0.14159198 -0.20988225]
Covariance:
 [[0.1100178  0.         0.         0.        ]
 [0.         0.16659912 0.         0.        ]
 [0.         0.         0.03712188 0.        ]
 [0.         0.         0.         0.36469669]]

State 11 (11):
Mean: [ 0.07250307 -0.8269387   0.86125208 -0.40653293]
Covariance:
 [[0.22759429 0.         0.         0.        ]
 [0.         0.12980329 0.         0.        ]
 [0.         0.         0.0801144  0.        ]
 [0.         0.         0.         0.2022955 ]]

State 12 (12):
Mean: [-0.56754797 -0.11389748 -0.71672351 -0.15026308]
Covariance:
 [[0.04469062 0.         0.         0.        ]
 [0.         0.19903749 0.         0.        ]
 [0.         0.         0.00937225 0.        ]
 [0.         0.         0.         0.57465649]]

State 13 (13):
Mean: [ 1.17311392 -0.1168822  -0.28901864 -0.33746114]
Covariance:
 [[0.14085558 0.         0.         0.        ]
 [0.         0.30216886 0.         0.        ]
 [0.         0.         0.2366259  0.        ]
 [0.         0.         0.         0.40630552]]

State 14 (14):
Mean: [-0.50196614 -0.00750293 -0.42145526 -0.50366144]
Covariance:
 [[0.06278607 0.         0.         0.        ]
 [0.         0.15373338 0.         0.        ]
 [0.         0.         0.01121123 0.        ]
 [0.         0.         0.         0.13965467]]

State 15 (15):
Mean: [ 0.07566787 -0.01177709 -0.74046875 -0.46778974]
Covariance:
 [[0.01011164 0.         0.         0.        ]
 [0.         0.17866327 0.         0.        ]
 [0.         0.         0.04815792 0.        ]
 [0.         0.         0.         0.24103352]]

State 16 (16):
Mean: [ 0.25278029 -1.27058922  1.86405368 -0.25884991]
Covariance:
 [[0.419189   0.         0.         0.        ]
 [0.         0.1721163  0.         0.        ]
 [0.         0.         0.28020801 0.        ]
 [0.         0.         0.         0.50238772]]

State 17 (17):
Mean: [ 2.27135718 -0.20299146  1.53422746  0.40548802]
Covariance:
 [[0.31807205 0.         0.         0.        ]
 [0.         2.99448137 0.         0.        ]
 [0.         0.         1.33291078 0.        ]
 [0.         0.         0.         1.36650697]]

State 18 (18):
Mean: [-0.67887305 -0.48318321  0.45636989 -0.47619934]
Covariance:
 [[0.08216451 0.         0.         0.        ]
 [0.         0.10121091 0.         0.        ]
 [0.         0.         0.03974757 0.        ]
 [0.         0.         0.         0.24996476]]

State 19 (19):
Mean: [ 0.16487595  0.05434201  0.00091759 -0.45251304]
Covariance:
 [[0.02900508 0.         0.         0.        ]
 [0.         0.37780961 0.         0.        ]
 [0.         0.         0.04256188 0.        ]
 [0.         0.         0.         0.22043128]]

State 20 (20):
Mean: [-0.23533047 -1.17229335 -0.50990279  1.37536227]
Covariance:
 [[0.30823823 0.         0.         0.        ]
 [0.         0.1585696  0.         0.        ]
 [0.         0.         0.06255019 0.        ]
 [0.         0.         0.         1.59545859]]

State 21 (21):
Mean: [-0.26395458  0.62963542  0.74306738 -0.18379324]
Covariance:
 [[0.16540252 0.         0.         0.        ]
 [0.         0.23133369 0.         0.        ]
 [0.         0.         0.03566185 0.        ]
 [0.         0.         0.         0.54209335]]

State 22 (22):
Mean: [ 3.42300192 -0.18720851  0.04114159 -0.40277581]
Covariance:
 [[1.2014627  0.         0.         0.        ]
 [0.         0.35307022 0.         0.        ]
 [0.         0.         0.54522454 0.        ]
 [0.         0.         0.         0.24418226]]

State 23 (23):
Mean: [-0.31541134 -0.18052716 -1.10295701 -0.22093986]
Covariance:
 [[0.02514638 0.         0.         0.        ]
 [0.         0.15781981 0.         0.        ]
 [0.         0.         0.02869581 0.        ]
 [0.         0.         0.         0.6834503 ]]

State 24 (24):
Mean: [ 0.0665458  -0.79785086  0.81532669 -0.51900762]
Covariance:
 [[0.21787741 0.         0.         0.        ]
 [0.         0.10260142 0.         0.        ]
 [0.         0.         0.07057522 0.        ]
 [0.         0.         0.         0.10090152]]

State 25 (25):
Mean: [0.35067042 2.37569938 1.32096098 0.61212958]
Covariance:
 [[0.48674369 0.         0.         0.        ]
 [0.         0.84579043 0.         0.        ]
 [0.         0.         0.14223568 0.        ]
 [0.         0.         0.         0.95370967]]

=== Performance Metrics ===
Metric                    Training        OOS            
Accuracy                  85.88%      85.57%
Log-Likelihood            -47927.72      -22039.63
BIC                       104525.83      52001.61

=== Feature Importance ===
volatility: 0.2553
fisher_rsi: 0.2552
adx: 0.3070
volume_zscore: 0.1825
