=== HMM Model Statistics ===
Saved at: 2025-05-11 17:00:57

=== Model Configuration ===
Number of states: 14
Features used: vol_regime, fisher_rsi, trend_strength, volume_zscore
Training periods: 18384
OOS periods: 7880

=== State Distributions ===
   State  Train Count   Train %  OOS Count     OOS %
0      0          478  0.026001        263  0.033376
1      1         1250  0.067994        517  0.065609
2      2         2273  0.123640       1306  0.165736
3      3         1780  0.096823        693  0.087944
4      4          171  0.009302         97  0.012310
5      5          836  0.045474        424  0.053807
6      6         1133  0.061630        313  0.039721
7      7         4792  0.260661       1803  0.228807
8      8            3  0.000163          2  0.000254
9      9            2  0.000109          0  0.000000
10    10         3217  0.174989       1350  0.171320
11    11         1640  0.089208        681  0.086421
12    12          307  0.016699        135  0.017132
13    13          502  0.027306        296  0.037563

=== Transition Matrix ===
         To 0  To 1  To 2  To 3  To 4  To 5  To 6  To 7  To 8  To 9  To 10  To 11  To 12  To 13
From 0  0.627 0.000 0.003 0.000 0.003 0.000 0.035 0.000 0.000 0.000  0.009  0.248  0.000  0.075
From 1  0.000 0.625 0.000 0.000 0.008 0.000 0.006 0.207 0.000 0.000  0.108  0.000  0.045  0.000
From 2  0.000 0.001 0.923 0.000 0.015 0.003 0.010 0.018 0.000 0.000  0.021  0.009  0.000  0.000
From 3  0.009 0.000 0.002 0.928 0.006 0.010 0.003 0.000 0.000 0.000  0.000  0.042  0.000  0.001
From 4  0.000 0.006 0.247 0.029 0.503 0.205 0.000 0.000 0.000 0.000  0.009  0.000  0.000  0.000
From 5  0.000 0.000 0.034 0.039 0.000 0.927 0.000 0.000 0.000 0.000  0.000  0.000  0.000  0.000
From 6  0.031 0.000 0.050 0.000 0.000 0.000 0.919 0.000 0.000 0.000  0.000  0.000  0.000  0.000
From 7  0.000 0.101 0.001 0.000 0.002 0.000 0.002 0.892 0.001 0.000  0.001  0.000  0.000  0.000
From 8  0.000 0.000 0.000 0.000 0.000 0.000 0.000 1.000 0.000 0.000  0.000  0.000  0.000  0.000
From 9  0.000 0.000 0.000 0.000 0.000 0.000 0.000 1.000 0.000 0.000  0.000  0.000  0.000  0.000
From 10 0.000 0.005 0.007 0.022 0.004 0.000 0.000 0.061 0.000 0.000  0.881  0.004  0.016  0.000
From 11 0.042 0.000 0.006 0.007 0.005 0.000 0.003 0.000 0.000 0.000  0.087  0.849  0.000  0.000
From 12 0.210 0.000 0.000 0.000 0.011 0.000 0.023 0.000 0.000 0.000  0.099  0.000  0.657  0.000
From 13 0.000 0.000 0.000 0.019 0.000 0.000 0.032 0.000 0.000 0.000  0.000  0.029  0.000  0.921

=== State Characteristics ===

State 0 (0):
Mean: [-0.56244083  1.59638849  0.64589007  1.23423291]
Covariance:
 [[1.98177156e-05 0.00000000e+00 0.00000000e+00 0.00000000e+00]
 [0.00000000e+00 1.05234987e+00 0.00000000e+00 0.00000000e+00]
 [0.00000000e+00 0.00000000e+00 2.59996757e-01 0.00000000e+00]
 [0.00000000e+00 0.00000000e+00 0.00000000e+00 1.28155175e+00]]

State 1 (1):
Mean: [-0.56244083 -0.05000109 -0.80889489  1.58114043]
Covariance:
 [[7.55343629e-06 0.00000000e+00 0.00000000e+00 0.00000000e+00]
 [0.00000000e+00 9.46764471e-01 0.00000000e+00 0.00000000e+00]
 [0.00000000e+00 0.00000000e+00 6.41162359e-02 0.00000000e+00]
 [0.00000000e+00 0.00000000e+00 0.00000000e+00 1.25798440e+00]]

State 2 (2):
Mean: [ 1.77796482 -0.09094051 -0.23064608 -0.30581212]
Covariance:
 [[4.42835829e-06 0.00000000e+00 0.00000000e+00 0.00000000e+00]
 [0.00000000e+00 3.07926897e-01 0.00000000e+00 0.00000000e+00]
 [0.00000000e+00 0.00000000e+00 3.23184617e-01 0.00000000e+00]
 [0.00000000e+00 0.00000000e+00 0.00000000e+00 4.31799683e-01]]

State 3 (3):
Mean: [-0.56244083 -1.06763579  1.06040744  0.05392211]
Covariance:
 [[5.57743536e-06 0.00000000e+00 0.00000000e+00 0.00000000e+00]
 [0.00000000e+00 2.01550776e-01 0.00000000e+00 0.00000000e+00]
 [0.00000000e+00 0.00000000e+00 4.61244567e-01 0.00000000e+00]
 [0.00000000e+00 0.00000000e+00 0.00000000e+00 9.71605857e-01]]

State 4 (4):
Mean: [ 1.77796482 -1.21786858 -0.10646564  2.1737318 ]
Covariance:
 [[5.43915157e-05 0.00000000e+00 0.00000000e+00 0.00000000e+00]
 [0.00000000e+00 3.92813769e-01 0.00000000e+00 0.00000000e+00]
 [0.00000000e+00 0.00000000e+00 3.51818071e-01 0.00000000e+00]
 [0.00000000e+00 0.00000000e+00 0.00000000e+00 1.17257963e+00]]

State 5 (5):
Mean: [ 1.77796482 -1.32582097  1.40111116 -0.02572224]
Covariance:
 [[1.18205894e-05 0.00000000e+00 0.00000000e+00 0.00000000e+00]
 [0.00000000e+00 2.52783832e-01 0.00000000e+00 0.00000000e+00]
 [0.00000000e+00 0.00000000e+00 7.09376598e-01 0.00000000e+00]
 [0.00000000e+00 0.00000000e+00 0.00000000e+00 5.78331793e-01]]

State 6 (6):
Mean: [1.77796482 1.65172149 1.36137312 0.2323752 ]
Covariance:
 [[8.88594418e-06 0.00000000e+00 0.00000000e+00 0.00000000e+00]
 [0.00000000e+00 1.15181331e+00 0.00000000e+00 0.00000000e+00]
 [0.00000000e+00 0.00000000e+00 8.65000332e-01 0.00000000e+00]
 [0.00000000e+00 0.00000000e+00 0.00000000e+00 1.19814099e+00]]

State 7 (7):
Mean: [-0.56244083 -0.09583014 -0.95460682 -0.42332781]
Covariance:
 [[2.10897751e-06 0.00000000e+00 0.00000000e+00 0.00000000e+00]
 [0.00000000e+00 1.55007640e-01 0.00000000e+00 0.00000000e+00]
 [0.00000000e+00 0.00000000e+00 7.68197044e-02 0.00000000e+00]
 [0.00000000e+00 0.00000000e+00 0.00000000e+00 2.70665691e-01]]

State 8 (8):
Mean: [ 1.77796482 -0.02062451 -0.63880905 -0.38154088]
Covariance:
 [[0.00380789 0.         0.         0.        ]
 [0.         0.13972312 0.         0.        ]
 [0.         0.         0.00437676 0.        ]
 [0.         0.         0.         0.39918776]]

State 9 (9):
Mean: [ 1.77796482  0.11610829 -1.15857484 -0.47829417]
Covariance:
 [[0.00501465 0.         0.         0.        ]
 [0.         0.00883479 0.         0.        ]
 [0.         0.         0.00968277 0.        ]
 [0.         0.         0.         0.00616952]]

State 10 (10):
Mean: [-0.56244083 -0.19390944 -0.20103254 -0.14450629]
Covariance:
 [[3.16468781e-06 0.00000000e+00 0.00000000e+00 0.00000000e+00]
 [0.00000000e+00 3.75419661e-01 0.00000000e+00 0.00000000e+00]
 [0.00000000e+00 0.00000000e+00 4.15147017e-02 0.00000000e+00]
 [0.00000000e+00 0.00000000e+00 0.00000000e+00 5.89219555e-01]]

State 11 (11):
Mean: [-0.56244083  0.35861356  0.52578305 -0.41431579]
Covariance:
 [[6.12989288e-06 0.00000000e+00 0.00000000e+00 0.00000000e+00]
 [0.00000000e+00 3.59550663e-01 0.00000000e+00 0.00000000e+00]
 [0.00000000e+00 0.00000000e+00 8.64013116e-02 0.00000000e+00]
 [0.00000000e+00 0.00000000e+00 0.00000000e+00 2.23160864e-01]]

State 12 (12):
Mean: [-0.56244083  1.59854232 -0.22755412  1.23461955]
Covariance:
 [[3.16596282e-05 0.00000000e+00 0.00000000e+00 0.00000000e+00]
 [0.00000000e+00 3.72313769e-01 0.00000000e+00 0.00000000e+00]
 [0.00000000e+00 0.00000000e+00 4.50673654e-02 0.00000000e+00]
 [0.00000000e+00 0.00000000e+00 0.00000000e+00 1.71391118e+00]]

State 13 (13):
Mean: [-0.56244083  1.702041    2.11060882 -0.01974744]
Covariance:
 [[2.01674584e-05 0.00000000e+00 0.00000000e+00 0.00000000e+00]
 [0.00000000e+00 1.08408904e+00 0.00000000e+00 0.00000000e+00]
 [0.00000000e+00 0.00000000e+00 4.68502340e-01 0.00000000e+00]
 [0.00000000e+00 0.00000000e+00 0.00000000e+00 6.99559969e-01]]

=== Performance Metrics ===
Metric                    Training        OOS            
Accuracy                  87.18%      87.32%
Log-Likelihood            44761.46      -600128.11
BIC                       -86508.41      1203010.65

=== Feature Importance ===
vol_regime: 0.3270
fisher_rsi: 0.2390
trend_strength: 0.2464
volume_zscore: 0.1876

